0.021739130434782594
0.021739130434782594
0.021739130434782594
0.021739130434782594
0.021739130434782594
0.021739130434782594
0.021739130434782594
0.021739130434782594
0.021739130434782594,0.04347826086956519,0.17391304347826086,0.21739130434782605
0.021739130434782594
0.021739130434782594
0.021739130434782594
0.021739130434782594,0.08695652173913049,0.10869565217391308,0.17391304347826086,0.19565217391304346
0.021739130434782594,0.06521739130434778,0.17391304347826086,0.30434782608695654
0.021739130434782594
0.021739130434782594
0.021739130434782594
0.021739130434782594,0.04347826086956519,0.06521739130434778,0.10869565217391308,0.15217391304347827
0.021739130434782594,0.06521739130434778,0.08695652173913049,0.13043478260869568,0.17391304347826086
0.021739130434782594,0.04347826086956519,0.08695652173913049,0.10869565217391308
0.021739130434782594
0.021739130434782594
0.021739130434782594,0.06521739130434778,0.08695652173913049,0.13043478260869568,0.17391304347826086,0.19565217391304346
0.021739130434782594
0.021739130434782594
0.021739130434782594
0.021739130434782594,0.04347826086956519,0.06521739130434778,0.19565217391304346
0.021739130434782594,0.04347826086956519,0.06521739130434778,0.13043478260869568,0.19565217391304346,0.26086956521739135
0.021739130434782594
0.021739130434782594
0.021739130434782594
0.021739130434782594,0.04347826086956519,0.06521739130434778,0.08695652173913049,0.21739130434782605
0.021739130434782594,0.04347826086956519,0.08695652173913049,0.28260869565217395
0.021739130434782594,0.04347826086956519,0.08695652173913049,0.21739130434782605
0.021739130434782594,0.08695652173913049,0.10869565217391308,0.17391304347826086,0.19565217391304346,0.26086956521739135
0.021739130434782594
0.021739130434782594,0.04347826086956519,0.08695652173913049,0.17391304347826086,0.23913043478260865
0.021739130434782594,0.06521739130434778,0.08695652173913049,0.15217391304347827,0.21739130434782605,0.28260869565217395
0.021739130434782594,0.04347826086956519,0.08695652173913049,0.21739130434782605,0.23913043478260865
0.021739130434782594
0.021739130434782594
0.021739130434782594,0.04347826086956519,0.06521739130434778
0.021739130434782594
0.021739130434782594
0.021739130434782594
0.021739130434782594,0.06521739130434778,0.08695652173913049,0.15217391304347827,0.19565217391304346

