295.8653360253061
287.9108485470242
305.3444764659439
298.6062589821817
292.4042025847041
283.87707035686924
284.1580094632827
285.26095679773425
295.45796450802254,334.55892661260145,283.83349485357024,216.86454572615327
284.5808594267545
286.9899623184205
296.87286473095145
287.9948207684713,268.42328694342535,325.288006609868,281.5805890806021,187.81977133555839
298.1238414476401,361.0823066667682,295.0326669834422,138.49022995562183
285.82000467713016
285.5938043484356
285.5668110969928
288.1837212165819,268.6486237674841,324.87886085738086,310.57988920753115,235.36277368835346
293.1667847695092,268.62785220320984,324.0673642045305,308.10125094317027,223.91559406442465
269.5575985042023,327.15667777423374,320.12301861902296,220.75687389343813
285.74935868890833
285.7139483998634
291.85893199025276,268.18097975710856,322.97554708163216,306.3220063063392,222.42059034183706,181.1338989594374
283.52175197688416
301.94763837007673
295.5778313016394
280.4634055500713,324.3744522174666,366.6732759996062,200.2971553446212
292.32972797205724,294.33913551260446,345.937245753625,279.1887039179316,294.91493414541367,129.98927117550318
284.72337677362714
290.1725121191178
286.0874808755487
288.79380233489553,272.7460179564156,316.65706462381144,358.9558884059502,192.5797677509652
295.9787849681299,345.74709596128656,387.9063656047629,192.5456024110359
296.46057275578437,342.22084465252334,364.71575344264676,211.13270734657848
308.8808180518887,272.8112645220816,323.4377168360589,228.02156680039522,213.09603910851266,39.435775328304864
284.77772603770006
290.02805055289247,340.4045539765592,332.4331894783586,275.89974233758244,134.10073256400253
304.1978976696192,276.4303174716874,328.02842771270656,261.2798858770142,277.0061161044963,112.08045313458571
288.87264385044944,336.1382292238346,365.19401207556723,195.67040066735018,141.16375252035385
285.51238343029416
281.0679112584907
298.9925028676689,339.38934000999524,274.40369351724314
282.45657202731434
289.4608250649497
285.9871249518552
306.6141311602603,285.6794150888569,315.06442167576597,279.78607345399666,168.20740200241877

