0.4119167055464129
0.4027602598977773
0.4278394076192529
0.41877876305217443
0.411778680744093
0.3962860150250637
0.3972277282557448
0.401658860381589
0.4145512597727245,0.5090143272262503,0.53282945532535,0.49517612042304615
0.4030329081192438
0.4028935329921186
0.4098079108128914
0.40849572024573716,0.4397351625309716,0.5437776336203869,0.534074453359891,0.4275722156836655
0.4393278127004735,0.5744208153385846,0.5956458712104654,0.48470211930730495
0.3988711422627526
0.39978067989957605
0.3997779598018617
0.4086685790800097,0.3968628672948172,0.5009301094235163,0.5103511633248857,0.4758830172131094
0.4100456987733207,0.41854516994833274,0.5203094960663065,0.5242632699540933,0.47086422226749536
0.3765597920814012,0.48371940880421876,0.5083536330919601,0.3964026881208037
0.3999764520156863
0.39995777918214154
0.40514895749178453,0.4178685433859955,0.5187040610029878,0.5219692700502844,0.4690467056482079,0.4279045241695445
0.395599345442305
0.42893776903224784
0.4173271212269836
0.39350516800750357,0.47925352779835867,0.553506369791975,0.45492028121044314
0.4150710339792851,0.4431481023487298,0.5390551848658046,0.507936253123656,0.5773263219474071,0.4115485474178586
0.39777189141894803
0.409931408887775
0.4002772947300315
0.41264555358758626,0.40666942333822437,0.4924177831290803,0.5666706251226954,0.46808453654116355
0.4199816230631674,0.5136567283270448,0.6020763418286847,0.5311375109145776
0.4141720860103649,0.502489714037578,0.5653265933265819,0.49116699990261026
0.4461375789617406,0.4576150792269657,0.5520660093393244,0.48133327066326254,0.48515226590206423,0.30558987807785054
0.3978496459920281
0.4151812961334213,0.5095964015522948,0.5303261376978661,0.5337140764871614,0.40176044901551394
0.4266603008100937,0.4416710276477045,0.5375781101647776,0.5064591784226303,0.5758492472463815,0.41007147271683303
0.4114075880797575,0.5017332189983431,0.5733337460796851,0.47225097802434374,0.4123663493397951
0.40043084760166087
0.3932743892247434
0.42589861962822617,0.4960770836688879,0.4296057954539808
0.394545615478456
0.40625594057034464
0.40058423379964264
0.4431126891222085,0.4576971817722083,0.5331372540023657,0.5165075147212953,0.40324524800546724

