0.92142254298865
0.9202910068926062
0.9140712858366155
0.9210697072662666
0.8892633921598249
0.9211483259272956
0.9224536442783319
0.9219281131245103
0.9220284024837598,0.9143430545416075,0.8871384658753336,0.8671533827251588
0.9203406103235516
0.9219131249924097
0.9205703630612135
0.9211619623773948,0.9191076499792634,0.8996846492376298,0.8829646411880083,0.8519409813665982
0.8890537250313465,0.85488607672485,0.7900800093653039,0.7258458525132048
0.9224396690897476
0.9176423238223148
0.9170665680537462
0.9206604271752644,0.9141927330648395,0.8914933503328809,0.86158410071312,0.8782862293306957
0.9201632797686574,0.9107755690662592,0.8866326351970398,0.8552994375626164,0.8698499468073606
0.8886220782746657,0.865395716283193,0.8365037759082002,0.8692942109170323
0.9220983568654056
0.9221819580582792
0.920981896738032,0.9190136187418241,0.9003452276906777,0.8743428096627526,0.8893100161490005,0.8869075157977591
0.9225874297217904
0.9163546333598037
0.9211369723998347
0.9200384356707314,0.9030840774045341,0.8534438771546409,0.8604794578336799
0.9199352671616173,0.916648673057003,0.8934345675592837,0.8731300296703473,0.8685742639205873,0.6262404618694124
0.9223439569833912
0.9221430659840786
0.9227269369848273
0.9221776212451058,0.9201977969170991,0.9032434386509015,0.8536032384010094,0.8606388190800482
0.8947509632704865,0.8758233847737747,0.8130501304710881,0.7712769011781941
0.893733544320784,0.8782235588319864,0.841469723308521,0.8459235856023977
0.9107845494161239,0.8855878103188656,0.8603326919243331,0.8465012802463061,0.7839503148640993,0.29490192688012
0.9227047683822253
0.888750525202725,0.8680565338018686,0.8432231167000496,0.861448225843169,0.8087563920010127
0.9192619222839244,0.8928939164097213,0.869679810912003,0.8493752730230661,0.8448195072733062,0.6024857052221313
0.8929450832537605,0.8764030227333535,0.8379156035931081,0.8487606556608324,0.8594564863848325
0.9209817287068686
0.8950670462094126
0.9196102334556698,0.9023638746887003,0.9160564794458198
0.9221245235445088
0.9214295946099657
0.9170668194798188
0.8790890110621643,0.8346429536645323,0.810171956314922,0.8222604263024639,0.7078456287079153

