0.0
0.0
0.0
0.0
0.0
0.0
0.0
0.0
0.0,0.0,0.0,0.15608115955610002
0.0
0.0
0.0
0.0,0.0,0.0,0.13442511443754868,0.25567190560928366
0.0014710044242056686,0.0014710044242056686,0.33709640999223955,0.5320000528182522
0.0
0.0
0.0
0.0,0.0,0.0,0.08770203126523979,0.23229111843571792
0.0,0.0,0.0,0.08770203126523979,0.2330039340045671
0.0,0.0,0.08770203126523979,0.23229111843571792
0.0
0.0
0.0,0.0,0.0,0.08756905326475062,0.23254488089633385,0.33037422823444873
0.0
0.0
0.0
0.0,0.0,0.04456367930184857,0.3077295951263862
0.0,0.0,0.0,0.18462290727785458,0.3683520430993158,0.5297714789875674
0.0
0.0
0.0
0.028802508762070023,0.028802508762070023,0.028802508762070023,0.07336618806391837,0.3365321038884561
0.0,0.0,0.04497540064884087,0.4871777946968656
0.0,0.0,0.04497540064884087,0.2849734722236017
0.0,0.04934260492498688,0.04934260492498688,0.23271401048920115,0.35557140238063456,0.775804369602653
0.0
0.0,0.0,0.08770203126523979,0.31454739095411877,0.4543387928610556
0.0,0.043810349155691375,0.043810349155691375,0.22843325643354606,0.4121623922550073,0.5735818281432588
0.0,0.0,0.04497540064884087,0.2997481570034626,0.4204567324965347
0.0
0.0
0.0,0.0,0.12318410759597886
0.0
0.0
0.0
0.0,0.1426250000000001,0.18549375000000012,0.4497844014467858,0.5475671830348675

