0.0
0.0
0.0
0.0
0.0
0.0
0.0
0.0
0.0,0.0,0.0,0.15608115955610002
0.0
0.0
0.0
0.0,0.0,0.0,0.13442511443754868,0.14007660480230855
0.0,0.0,0.33611983933876444,0.27570295461252625
0.0
0.0
0.0
0.0,0.0,0.0,0.08770203126523979,0.15848888425237262
0.0,0.0,0.0,0.08770203126523979,0.1592702249911203
0.0,0.0,0.08770203126523979,0.15848888425237262
0.0
0.0
0.0,0.0,0.0,0.08756905326475062,0.15888964326595711,0.12747240184204212
0.0
0.0
0.0
0.0,0.0,0.04456367930184857,0.27544056063541567
0.0,0.0,0.0,0.18462290727785458,0.2253302643174332,0.25555285048382104
0.0
0.0
0.0
0.028802508762070023,0.0,0.0,0.04588529079193315,0.28400206471495626
0.0,0.0,0.04497540064884087,0.3353071824025181
0.0,0.0,0.04497540064884087,0.25052557999946135
0.0,0.0,0.0,0.19288905394750022,0.16011942557398195,0.6521016739083805
0.0
0.0,0.0,0.08770203126523979,0.24865270718895083,0.20394028713599932
0.0,0.0,0.0,0.19308189239951912,0.2381247472800606,0.27459868807556154
0.0,0.0,0.04497540064884087,0.2660120659911249,0.1723788044263227
0.0
0.0
0.0,0.0,0.12318410759597886
0.0
0.0
0.0
0.0,0.1426250000000001,0.04999999999999993,0.32447958680094313,0.17771721093549586

