0.9767078955679696
0.9755084673061629
0.968915562986813
0.976333889702243
0.9426191956894144
0.9764172254829341
0.9778008629350327
0.9772437999119813
0.9773501066327859,0.9692036378141043,0.940366773827854,0.9191825856886688
0.9755610469429652
0.9772279124919547
0.9758045848448867
0.9764316801200389,0.9742541089780196,0.953665728191888,0.9359425196592889,0.9030574402485942
0.9423969485332275,0.906179241328341,0.8374848099272225,0.7693966036639974
0.9777860492351329
0.9727008632516542
0.9720905621369713
0.9759000528057806,0.9690442970487303,0.9449829513528539,0.9132791467559073,0.9309834030905376
0.9753730765547769,0.9654221032102354,0.9398305933088624,0.9066174038163737,0.9220409436158022
0.9419394029711459,0.9173194592601849,0.8866940024626923,0.9214518635720546
0.9774242582773303
0.9775128755417762
0.9762408105423145,0.9741544358663341,0.9543659413521188,0.9268033782425176,0.9426686171179407,0.9401219667456246
0.9779426755050983
0.9713359113613924
0.9764051907438253
0.9752407418109754,0.9572691220488068,0.9046505097839194,0.9121082253037011
0.9751313831913149,0.9716475934404235,0.947040641612841,0.9255178314505681,0.9206887197558228,0.6638148895815774
0.9776845944023953
0.9774716499431241
0.9780905532039176
0.9775082785198128,0.9754096647321254,0.9574380449699559,0.9048194327050703,0.9122771482248515
0.9484360210667162,0.9283727878602014,0.8618331382993537,0.817553515248886
0.9473575569800314,0.9309169723619058,0.8919579067070322,0.8966790007385416
0.9654316223810917,0.9387230789379979,0.9119526534397935,0.8972913570610848,0.8309873337559457,0.31259604249292716
0.9780670544851592
0.9420755567148887,0.9201399258299809,0.8938165037020528,0.9131351193937596,0.8572817755210738
0.9744176376209603,0.9464675513943049,0.9218605995667233,0.9003377894044502,0.8955086777097049,0.6386348475354594
0.9465217882489865,0.9289872040973547,0.8881905398086949,0.8996862950004826,0.9110238755679227
0.9762406324292812
0.9487710689819775
0.9747868474630105,0.9565057071700226,0.9710198682125692
0.9774519949571799
0.976715370286564
0.9720908286486087
0.9318343517258947,0.8847215308844047,0.8587822736938179,0.8715960518806123,0.7503163664303907

