667.0
41.0
30.0
30.0
133.0
26.0
27.0
27.0
27.0,14.0,66.0,140.0
23.0
23.0
21.0
16.0,19.0,13.0,167.0,18.0
21.0,13.0,274.0,262.0
17.0
17.0
18.0
23.0,22.0,14.0,94.0,175.0
27.0,20.0,11.0,82.0,157.0
28.0,13.0,74.0,127.0
11.0
11.0
45.0,15.0,8.0,55.0,155.0,110.0
18.0
17.0
17.0
30.0,8.0,43.0,310.0
16.0,28.0,14.0,181.0,172.0,44.0
16.0
17.0
18.0
35.0,18.0,8.0,38.0,313.0
16.0,7.0,31.0,211.0
18.0,7.0,35.0,370.0
12.0,18.0,33.0,231.0,180.0,509.0
13.0
23.0,9.0,69.0,359.0,253.0
10.0,14.0,7.0,117.0,208.0,72.0
13.0,4.0,25.0,255.0,145.0
12.0
13.0
8.0,7.0,94.0
10.0
9.0
9.0
16.0,124.0,49.0,181.0,9.0

